Curiosity
0.1 1.0 0.3 0.0
0.2640 -0.1300
0.5380 -0.7000
0.4500 -0.8700
0.1920 -0.5300
0.1500 -0.7400
0.3400 -0.8000
0.3360 -1.0500
0.2040 -0.5700
0.5440 -0.7100
0.9420 -0.3100
1.1500 -0.2700
1.4060 -0.5000
1.4580 -0.8600
1.3140 -1.4400
1.1580 -1.5500
1.2660 -1.8200
1.0660 -2.0000
1.2360 -2.0000
1.2420 -1.7900
0.9780 -1.5400
0.7400 -1.2200
0.3980 -1.2300
0.7460 -0.6600
1.1200 -0.7800
1.2120 -0.2500
1.3800 -0.3600
1.1580 0.2000
1.1260 0.5500
1.2840 0.4200
1.2940 -0.0900
1.2020 0.1600
1.3340 -0.0800
1.7200 0.2800
1.9300 -0.1300
1.7040 -0.5300
1.9280 -1.0100
1.8320 -1.4300
1.4800 -1.3200
1.2720 -1.1200
1.3700 -1.2500
1.1480 -1.5600
1.1700 -1.1700
1.5580 -0.9100
1.3720 -1.1100
1.0580 -0.7200
1.2580 -0.7100
1.5700 -1.1600
1.2300 -1.5800
0.9760 -1.4900
