Opportunity
0.1 0.1 0.2 1.57
0.0740 0.2000
0.2220 0.4500
0.1240 0.9400
0.1700 0.7900
0.4380 1.2500
0.4380 1.8400
0.5620 1.3700
0.5860 1.6100
0.5140 1.6000
0.9000 1.3600
1.2180 0.8600
1.2920 1.1700
1.5080 1.5900
1.6300 1.2500
1.6080 1.2300
1.3980 1.1200
1.2600 1.0000
1.0040 1.0100
0.6780 0.6300
0.8340 0.4200
0.8520 0.8800
0.9960 1.2000
1.2420 1.0800
1.1000 1.4900
1.4100 2.0000
1.3560 2.0000
1.3040 1.8500
1.6140 1.4700
1.3500 1.9600
1.0300 1.4900
1.0820 1.0000
1.4020 1.3600
1.7360 1.2300
1.3860 0.6300
1.7720 0.3500
1.8520 -0.2300
1.6200 -0.3700
1.6060 -0.9600
1.9560 -0.4400
1.7740 0.1000
1.6440 0.4800
1.8020 0.4900
1.5960 0.4500
1.4460 -0.1100
1.2540 -0.6200
1.0580 -0.7700
1.0340 -0.7800
1.3860 -0.5500
1.3300 -0.9900
1.3260 -1.0500
1.0000 -0.7900
0.8960 -0.7900
0.8360 -0.9200
1.2340 -1.1400
1.1920 -1.3300
1.1060 -1.1400
1.1040 -0.7600
1.0540 -0.3000
0.9980 -0.4300
0.6700 -0.4200
0.4180 -0.8300
0.7720 -0.5500
0.6360 -0.5300
0.9640 -0.7600
0.9740 -0.9000
1.3560 -0.4900
1.5760 0.1000
1.5060 0.6400
1.8420 1.2200
1.7000 0.9900
1.9440 0.6400
1.7060 0.7300
1.9420 0.9800
1.7740 1.4500
1.9520 1.0700
1.8020 1.1300
1.5520 1.4400
1.6700 0.8700
1.4580 0.3800
1.6300 0.8400
1.6340 0.2700
1.4120 0.2500
1.7380 0.5200
1.8500 0.2900
1.6200 0.0800
1.2720 0.3700
1.3420 0.3300
1.5340 0.0800
1.4300 0.4600
1.6860 0.1100
1.9080 0.0000
1.5900 0.3700
1.3280 -0.1700
1.0680 -0.1500
1.0280 -0.6600
0.9480 -0.3200
0.9940 -0.0300
0.8060 -0.3000
0.4620 -0.6400
